    Hunters  Multiplier  Average Player Percentage  Average Value Per Player  Final Player Percentage  Final Value Per Player
6         5          82                    6.02342              55790.308271                      4.5            64736.842105
1         4          70                    5.52093              55141.672085                      4.4            62500.000000
19        4          55                    3.83040              52679.301185                      2.7            61567.164179
16        5          83                    6.13813              55889.094489                      5.5            59285.714286
4         4          60                    4.39516              53602.313714                      3.9            56962.025316
18        5          79                    5.70210              55362.966147                      5.5            56428.571429
13        7          90                    5.30140              54871.803209                      5.1            55785.123967
17        5          85                    6.35608              56137.329078                      6.7            54487.179487
12        8         100                    5.57805              55236.208439                      5.9            53956.834532
8         5          80                    5.81144              55496.770088                      6.2            53571.428571
9         3          35                    2.30462              49485.165761                      1.9            53571.428571
15        5          77                    5.47866              55112.008597                      5.9            52981.651376
5         3          47                    3.71276              52511.932499                      3.7            52611.940299
3         2          21                    1.39064              46451.407404                      1.0            52500.000000
11        5          89                    6.78916              56619.810063                      7.8            52148.437500
7         5          87                    6.57082              56391.854683                      7.7            51377.952756
24        3          30                    1.72180              47651.319412                      1.4            51136.363636
2         3          41                    3.01412              51129.674832                      3.1            50409.836066
22        4          52                    3.48970              52071.511543                      3.9            49367.088608
10        4          73                    5.85304              55566.606854                      7.2            48883.928571
21        3          27                    1.37110              46327.011507                      1.4            46022.727273
23        2          15                    0.65861              42315.345237                      0.6            43269.230769
0         2          24                    1.76430              47817.655341                      2.4            40909.090909
20        2          12                    0.32379              38729.833591                      0.3            39130.434783
14        2          17                    0.89977              43969.004438                      1.3            38636.363636